110
1 32110 90862
2 15005 60075
3 1003 21343
4 87056 78551
5 21547 99621
6 99019 13990
7 87066 85307
8 71218 76998
9 40875 80264
10 77096 22074
11 84006 25236
12 42859 36894
13 55656 20839
14 75050 16358
15 66442 65245
16 1850 85740
17 18784 13865
18 61230 68845
19 70006 69128
20 80804 64783
21 45940 55745
22 21790 90060
23 31662 84741
24 18258 26870
25 13918 24517
26 74121 48297
27 99591 91700
28 31809 7326
29 35668 17420
30 33464 68343
31 88475 82320
32 83708 3782
33 61948 3040
34 56312 46449
35 81582 37066
36 95713 31103
37 42420 84130
38 52255 90730
39 45097 58526
40 59557 47433
41 56166 15343
42 9961 86875
43 1936 98737
44 29165 10761
45 97287 72618
46 64891 56068
47 97391 89354
48 3999 33328
49 6512 62467
50 36869 91518
51 3875 97870
52 54825 44213
53 97840 86443
54 55146 51383
55 68756 35397
56 52014 83554
57 69581 67233
58 31744 85832
59 5425 60349
60 65180 60831
61 42766 27680
62 32779 70903
63 71270 39
64 78618 87826
65 94836 75559
66 39455 29850
67 45277 63796
68 32508 59441
69 77395 7718
70 91199 40512
71 93967 36705
72 58831 99361
73 75681 87344
74 86411 15431
75 55114 9167
76 16240 77633
77 75940 59407
78 68384 41639
79 48210 29634
80 78990 65375
81 82873 77806
82 56093 99036
83 79613 93564
84 66455 74586
85 63138 69143
86 91726 8577
87 86884 77932
88 8943 34045
89 37656 49208
90 64967 10731
91 98332 89066
92 12982 69901
93 69955 30847
94 22116 2376
95 8943 92368
96 30108 61611
97 73832 4126
98 7672 39617
99 60832 18619
100 37844 72255
101 89875 98497
102 47784 50703
103 13432 29856
104 79088 92328
105 57203 99063
106 88725 33841
107 55096 24562
108 30511 63888
109 24241 9610
110 83472 68174