155
1 61869 50718
2 71819 46594
3 70206 94852
4 7699 27176
5 73042 84441
6 38532 47015
7 28261 62195
8 74724 31962
9 14835 66991
10 56682 19046
11 25433 25279
12 19717 30408
13 94637 73351
14 98810 12941
15 32110 75671
16 84802 90822
17 65638 92821
18 55568 38614
19 53706 64705
20 24428 57098
21 38029 52858
22 92794 99421
23 4740 32582
24 40479 12940
25 75533 94724
26 77425 1378
27 27446 4701
28 37710 23624
29 72711 23371
30 49894 71855
31 27351 43258
32 74197 60328
33 53255 9742
34 36469 13360
35 5637 42330
36 98629 14465
37 33118 1658
38 89822 89231
39 48299 68641
40 67756 91677
41 94574 62938
42 86693 66940
43 6113 15908
44 62965 20286
45 94694 72351
46 9217 8789
47 55205 9540
48 36496 14972
49 86863 68226
50 33763 87426
51 13472 21681
52 69571 57309
53 3197 69959
54 67309 84177
55 25535 16177
56 39809 9268
57 2089 88286
58 10117 80529
59 62523 41475
60 49069 66376
61 40217 56143
62 73413 79623
63 33267 16536
64 95205 26989
65 43017 80540
66 59683 24464
67 90915 31007
68 15870 68459
69 34603 92523
70 86067 18888
71 69673 25782
72 45534 86328
73 22664 48525
74 8726 90940
75 66477 90231
76 98044 85201
77 95407 58305
78 19166 97745
79 86231 78112
80 999 43962
81 89750 47634
82 25974 74841
83 24953 77757
84 55406 69836
85 40489 20661
86 58096 3604
87 24230 91982
88 40848 21545
89 50473 1412
90 78770 7810
91 92538 69341
92 91560 64702
93 35724 59916
94 42117 84345
95 36535 53791
96 87961 52916
97 17985 65458
98 65528 8003
99 57258 59552
100 88239 51686
101 54986 99269
102 65903 46546
103 76555 10175
104 94667 50534
105 71948 19453
106 97465 93086
107 59731 37733
108 30562 3
109 94343 66023
110 25623 60877
111 25657 61684
112 31976 88342
113 12500 36642
114 87395 44443
115 47471 50934
116 29480 67587
117 74214 20859
118 30552 87481
119 56605 9866
120 91797 29664
121 43453 33402
122 88216 47487
123 76236 16268
124 50799 71166
125 63897 55970
126 94720 68394
127 66767 38775
128 20725 8838
129 14502 24896
130 44564 27099
131 70290 14375
132 51813 97874
133 1750 83094
134 79667 57229
135 46670 32731
136 2270 14799
137 70118 58954
138 33675 33437
139 48854 56612
140 62360 44569
141 50788 33460
142 60880 34734
143 47260 88735
144 56527 7108
145 43981 80427
146 37362 41920
147 94646 52387
148 67968 87387
149 11720 75002
150 45080 76774
151 45959 67272
152 87204 36203
153 10774 16611
154 5842 30208
155 38296 32299