185
1 88292 24745
2 84228 85199
3 27882 85825
4 14647 55717
5 89955 47591
6 6943 14757
7 55424 28350
8 74132 20201
9 56339 25434
10 32853 12889
11 20947 83655
12 83600 73768
13 90109 13808
14 46616 47658
15 48891 37869
16 41237 59965
17 28294 17905
18 89752 86093
19 23639 40954
20 44726 32320
21 59762 25539
22 93411 77981
23 20617 73876
24 26310 62448
25 70028 76130
26 69916 157
27 10804 6664
28 77866 3299
29 12700 91504
30 85609 53330
31 11442 12647
32 35649 20083
33 89255 70233
34 84126 57832
35 28069 96446
36 15004 60962
37 19268 25217
38 6829 46294
39 30574 94422
40 22249 74505
41 3811 45062
42 74889 63582
43 82803 75222
44 28392 47437
45 17209 7822
46 88291 36172
47 88468 14561
48 12672 6654
49 237 79014
50 41368 79365
51 73680 92669
52 31840 19391
53 77881 93704
54 80073 97081
55 95317 49002
56 14229 8885
57 54303 15494
58 4709 40893
59 40188 79733
60 61530 34264
61 94653 64069
62 86519 41251
63 65060 12600
64 787 65870
65 62589 86097
66 35796 81864
67 26457 45364
68 37040 19342
69 85706 98775
70 27215 72534
71 48272 12510
72 91146 36984
73 87452 52868
74 77214 14664
75 36172 6569
76 8156 15539
77 70625 20887
78 72997 58499
79 76168 12422
80 37247 6839
81 42786 87901
82 23518 29927
83 99275 23851
84 57904 22152
85 24267 41605
86 83825 32820
87 41074 60632
88 61612 16637
89 10337 95364
90 58613 7892
91 63190 20792
92 35598 89731
93 72965 83004
94 36634 63717
95 66545 34523
96 48839 64979
97 1791 19803
98 4167 57049
99 75321 20536
100 74064 93888
101 89510 67925
102 47841 54495
103 55281 23075
104 58252 5118
105 17948 70148
106 66571 26953
107 8671 53200
108 79073 10554
109 69938 58649
110 29020 61624
111 38371 12607
112 22695 69623
113 70820 30902
114 35985 44782
115 22561 75477
116 96584 63522
117 15837 87479
118 39795 26116
119 18505 14944
120 63541 4387
121 58215 4460
122 41617 14410
123 14373 73488
124 48130 36485
125 3982 99024
126 28551 26023
127 29445 78833
128 21318 7261
129 64353 84118
130 2368 60633
131 71105 36577
132 17617 94743
133 84341 93799
134 67879 80194
135 41348 57390
136 90591 66257
137 45260 84374
138 77982 86038
139 9692 58693
140 6395 78151
141 39960 66459
142 61783 14514
143 21116 51021
144 28264 31756
145 85938 9663
146 51702 26529
147 74888 68354
148 86107 36404
149 99315 72230
150 1995 22915
151 19231 92898
152 38372 24834
153 61848 3525
154 37879 30002
155 85905 86968
156 41576 93384
157 89445 84602
158 74769 35334
159 65923 92520
160 26687 71780
161 49470 61857
162 4609 73651
163 44120 6023
164 63070 95806
165 2359 93876
166 50205 98071
167 13734 30576
168 45661 95778
169 51518 30425
170 25997 82636
171 71047 99304
172 73251 3097
173 48102 81829
174 34426 13553
175 54337 22807
176 10092 69842
177 67852 72638
178 49423 65299
179 90907 36079
180 70476 30892
181 57081 75066
182 39066 82654
183 11006 23169
184 5270 4004
185 55456 94095