170
1 15604 56160
2 14848 81325
3 56591 15377
4 1234 48243
5 9623 38512
6 56327 42075
7 15535 87298
8 18656 2737
9 54756 45125
10 87419 55969
11 77682 17803
12 93572 61263
13 65737 20195
14 81790 3465
15 26648 4255
16 59329 52597
17 37786 55004
18 76807 24543
19 59591 42519
20 93964 13681
21 62475 58480
22 3992 70958
23 18786 91808
24 14829 89456
25 71999 15523
26 80196 41616
27 42705 97810
28 99511 23070
29 77358 82596
30 64786 16396
31 83894 90538
32 34807 61659
33 88446 83432
34 42267 56388
35 66966 89523
36 73957 68114
37 17434 47989
38 70972 69320
39 73880 65752
40 18940 82145
41 44892 64013
42 58799 81184
43 44291 73068
44 5117 95442
45 15521 20287
46 21288 52119
47 47482 35100
48 18431 84208
49 52996 65830
50 97341 1944
51 20494 77803
52 85142 49179
53 19075 24680
54 45179 51560
55 27921 36947
56 53833 71619
57 40104 10595
58 26949 88810
59 86637 16991
60 90290 5643
61 93937 46460
62 15614 3075
63 79096 10988
64 41409 36695
65 39602 28827
66 60262 87217
67 39843 3805
68 56773 1138
69 2020 12561
70 45100 42924
71 98581 15871
72 41021 77177
73 38428 23403
74 25492 69152
75 21629 5835
76 34044 62575
77 17377 56522
78 2621 56224
79 2627 89061
80 65792 84386
81 92382 62959
82 39753 89926
83 66673 5252
84 75226 67959
85 52205 92011
86 77878 23517
87 76660 43050
88 28640 34834
89 10277 16405
90 1658 6133
91 66400 60255
92 9753 62427
93 78319 56233
94 65221 98973
95 87769 47981
96 62204 62688
97 90743 14790
98 50787 73803
99 27452 49135
100 98195 17646
101 16798 42779
102 53079 92421
103 16057 9002
104 41041 33090
105 44091 97079
106 54816 95776
107 23223 55473
108 27568 83671
109 41069 52103
110 12025 40587
111 15821 77064
112 5476 61246
113 45827 14276
114 19057 74317
115 36287 58713
116 29708 33401
117 56804 46775
118 27386 95147
119 62399 88953
120 38877 24657
121 46814 73879
122 59966 7969
123 98513 36440
124 28177 9291
125 63409 32936
126 50016 50302
127 46454 8177
128 52300 69703
129 15050 95253
130 74206 16160
131 81477 8885
132 35519 44013
133 12506 45728
134 49770 10524
135 97704 34555
136 75748 54446
137 4941 94209
138 73980 60692
139 99445 75848
140 2441 42912
141 92735 45250
142 54872 85879
143 79231 87476
144 18569 67813
145 67568 5658
146 58494 50914
147 67215 17112
148 62661 40879
149 39929 831
150 22235 13356
151 40929 59196
152 91112 59529
153 89048 32534
154 7364 84104
155 51000 82230
156 11979 87424
157 54395 76975
158 58331 51399
159 30248 86589
160 28191 85181
161 32652 20470
162 77877 56155
163 30725 92697
164 51477 9007
165 31643 10647
166 84845 23990
167 62009 32366
168 65153 97235
169 94892 83326
170 45745 31111