140
1 92509 84557
2 24344 11556
3 46688 26133
4 72540 40173
5 77343 16244
6 96189 13505
7 15992 66202
8 76902 46897
9 62917 73638
10 81772 58265
11 85831 63170
12 58353 30690
13 63466 22239
14 66207 23507
15 13720 44325
16 14874 27773
17 83441 40438
18 96997 36056
19 2745 77428
20 82010 13377
21 86094 24538
22 38904 37120
23 36015 92687
24 11651 44895
25 76066 80705
26 46475 83484
27 42674 26094
28 19914 54574
29 83590 14661
30 37481 7729
31 46904 11944
32 61183 75238
33 17534 33847
34 94047 74472
35 68598 65032
36 75422 54337
37 5942 12762
38 29717 79273
39 75888 44300
40 23354 30025
41 46563 21324
42 46453 700
43 82002 23603
44 46807 25348
45 49937 14069
46 46373 39828
47 91548 94577
48 54599 33026
49 32629 68648
50 39567 88017
51 40435 97498
52 11682 23835
53 42409 4935
54 77410 15867
55 68334 52473
56 16856 19662
57 92474 30644
58 22751 39229
59 33480 71992
60 18994 41489
61 91478 56742
62 43544 60272
63 48635 63246
64 56600 19674
65 67574 52943
66 53072 1707
67 77848 95234
68 29271 24152
69 89694 42056
70 68116 89467
71 33170 62521
72 22079 9672
73 22192 50937
74 32658 35858
75 16888 63649
76 38964 77816
77 39825 63827
78 67437 95194
79 36076 83317
80 76635 62205
81 67387 89519
82 98463 41002
83 55559 74444
84 22418 14134
85 53952 3018
86 6464 35471
87 23710 97718
88 42908 2984
89 70153 2722
90 90325 79740
91 32017 24033
92 4425 18082
93 26853 37341
94 32496 15537
95 56764 59197
96 74392 30994
97 34554 32185
98 22115 54184
99 96353 78965
100 59593 44627
101 33090 85136
102 14339 31647
103 25331 45555
104 36158 89242
105 25620 24439
106 70900 41950
107 41383 54093
108 99227 93679
109 47924 31160
110 1747 87127
111 11202 59367
112 95719 78366
113 44824 48197
114 99257 34752
115 54050 78306
116 87216 70294
117 30834 72577
118 14742 95030
119 74928 84477
120 84504 12172
121 68021 64705
122 57623 65182
123 75615 90450
124 49567 13748
125 48948 12916
126 47543 69544
127 48626 39688
128 80471 32668
129 3701 35767
130 62439 65434
131 24943 27800
132 21401 64927
133 15706 70124
134 11506 31928
135 70881 43218
136 20274 45087
137 10497 86280
138 43777 31981
139 62546 295
140 93017 75805