95
1 32110 92531
2 55827 53263
3 28677 51676
4 49589 1778
5 12084 23102
6 35738 28129
7 99423 90270
8 17825 9353
9 34898 77115
10 85131 44420
11 76798 77876
12 12942 41828
13 55504 81342
14 56909 51036
15 11855 56340
16 30645 33890
17 68272 55765
18 54946 90870
19 75342 925
20 52907 15167
21 26442 9296
22 76817 26517
23 26512 12612
24 20177 92137
25 43232 53015
26 67928 84461
27 53540 41646
28 99736 41291
29 43342 87395
30 88837 10407
31 64067 44974
32 23979 2208
33 45696 97412
34 85093 9809
35 45210 85800
36 22610 88815
37 56744 21672
38 68015 50881
39 16148 70342
40 50485 8671
41 42874 88009
42 61207 78964
43 88888 14438
44 94097 31252
45 59257 92085
46 57306 21688
47 69198 26635
48 91435 17893
49 54684 59476
50 15197 48536
51 8622 41196
52 34770 92702
53 49402 10371
54 41317 11446
55 62364 54970
56 25557 94736
57 3902 32007
58 31005 4664
59 81165 15643
60 55512 44112
61 9189 88319
62 48236 60778
63 90665 17243
64 88928 43585
65 24861 70307
66 2081 25796
67 2679 40334
68 29388 82218
69 60201 48387
70 84915 80000
71 86038 77748
72 7320 36475
73 94333 71912
74 26480 46609
75 19174 19082
76 18866 36539
77 67322 36313
78 86096 21732
79 62968 13062
80 98772 44661
81 16234 25637
82 33444 50622
83 62535 69999
84 36521 45789
85 19728 99603
86 58000 17614
87 7443 85284
88 24544 42365
89 15700 64030
90 49942 33506
91 11087 71245
92 27774 76075
93 16614 42642
94 20503 8677
95 21860 95649