65
1 57216 81188
2 98186 70824
3 73009 95162
4 74050 34459
5 3276 37328
6 56116 69749
7 25259 17082
8 86985 57181
9 67893 27187
10 60296 5961
11 20151 65218
12 24372 56286
13 79197 77303
14 83400 21370
15 64915 11377
16 70269 29528
17 87307 51203
18 2440 88456
19 69637 22035
20 30068 54223
21 94242 41077
22 71444 52617
23 84803 54375
24 46040 82739
25 15352 97338
26 60773 73068
27 15280 70212
28 37832 23065
29 70357 62562
30 72920 97822
31 70259 7288
32 29229 33123
33 85505 93935
34 39021 37675
35 15396 58726
36 98810 91802
37 14557 74234
38 87922 78320
39 78347 65410
40 53225 86898
41 96286 74530
42 88246 63785
43 68221 68774
44 40725 47174
45 21028 80045
46 48934 46900
47 1053 72686
48 92585 67487
49 7961 39017
50 42957 40965
51 5741 34803
52 43267 85056
53 70270 80895
54 64803 21336
55 77400 69907
56 33350 61158
57 11939 37954
58 38096 16071
59 25285 69808
60 16505 93654
61 78311 74001
62 41545 40813
63 83015 66129
64 12440 41521
65 98643 54451