215
1 34799 20937
2 32451 14368
3 3751 85108
4 32498 80952
5 78072 22995
6 8252 44443
7 47772 47664
8 8073 5011
9 52928 59371
10 97097 17473
11 92680 41821
12 49726 27196
13 95222 24343
14 90005 55551
15 74188 98585
16 65161 19032
17 56021 36162
18 16341 12920
19 98608 26477
20 37849 20543
21 87087 16792
22 66815 76673
23 12369 94401
24 57291 59287
25 26109 82137
26 91631 40541
27 47314 78349
28 82064 89699
29 12209 22171
30 68177 19891
31 99353 73250
32 52602 20625
33 63732 69353
34 3440 64639
35 5118 13710
36 73587 28271
37 459 74083
38 79595 85167
39 52667 47934
40 2781 40996
41 90555 83801
42 85889 6944
43 29344 67770
44 98774 10079
45 35117 18511
46 33192 26686
47 91208 33554
48 36614 90590
49 48223 59030
50 44665 19572
51 72087 22445
52 89675 14155
53 7927 34390
54 15027 16335
55 33864 12547
56 72206 26609
57 69182 71801
58 1852 68377
59 65278 2195
60 3728 36854
61 18234 40213
62 40413 60409
63 92901 41112
64 63613 86418
65 60609 81551
66 20041 97740
67 29238 47139
68 96475 9579
69 87611 14730
70 97349 96253
71 76293 68804
72 11637 61762
73 83730 17440
74 1734 93907
75 13421 24506
76 22175 37593
77 23664 29049
78 79769 64489
79 17289 15474
80 87347 75926
81 37511 74148
82 56318 50318
83 89126 85474
84 22059 35468
85 38366 24042
86 41031 38113
87 93998 67512
88 60013 85043
89 42426 73299
90 28037 8495
91 8913 27865
92 50344 7176
93 72858 51312
94 73530 97623
95 61039 75142
96 77344 73198
97 73259 10405
98 99440 82587
99 22571 63015
100 28321 97210
101 98205 94485
102 28881 53057
103 10886 47062
104 19599 70191
105 39485 78916
106 37404 89638
107 99900 13176
108 52181 96490
109 73020 1348
110 72750 61870
111 48371 27486
112 43369 62698
113 44853 20400
114 20564 36218
115 63961 86830
116 84195 49190
117 91748 30547
118 67565 93256
119 86372 17348
120 58910 84404
121 80287 83953
122 40157 30088
123 64672 40917
124 14127 43084
125 43535 53992
126 67208 92777
127 68576 57245
128 26494 93639
129 60603 42063
130 47902 31457
131 37119 11472
132 49860 39012
133 83386 59036
134 23713 38454
135 94118 9932
136 96648 10461
137 79294 68625
138 28412 24438
139 80966 39731
140 41701 49043
141 36194 17635
142 5650 78099
143 90261 12855
144 12923 15097
145 19345 21040
146 67629 64408
147 75603 52931
148 21155 95532
149 86364 24215
150 2988 21342
151 30658 79848
152 26090 84261
153 29088 9392
154 58537 16756
155 55388 47386
156 88048 58747
157 92920 96536
158 41104 78038
159 40569 93991
160 98505 37076
161 58372 90959
162 30949 83789
163 1373 4500
164 57445 10429
165 38811 69382
166 2596 54965
167 21454 41272
168 80911 94267
169 62097 45695
170 31354 92871
171 80974 74794
172 73573 81737
173 15974 40115
174 66200 25500
175 58256 44795
176 73409 23409
177 54156 93016
178 61821 24022
179 13539 31485
180 77710 56598
181 75211 51529
182 21217 28185
183 89278 95847
184 83374 62860
185 10801 17255
186 28363 50545
187 36720 32444
188 53416 15091
189 92461 4592
190 97601 93929
191 90706 32969
192 746 28688
193 49706 86794
194 11808 11322
195 30208 80738
196 85640 22348
197 64361 80727
198 10161 85105
199 79222 88860
200 63041 51267
201 86162 44155
202 66173 19974
203 43877 32932
204 36779 6539
205 99163 63378
206 90175 48028
207 21500 93125
208 50675 45444
209 44181 25252
210 69764 13309
211 63171 17246
212 55133 56184
213 32561 48965
214 3943 65170
215 11525 30223