200
1 1093 43301
2 90114 96343
3 50179 22664
4 33545 14627
5 86446 70211
6 76959 90897
7 66673 68118
8 80977 22608
9 13072 46584
10 64396 8066
11 12963 82043
12 47827 35549
13 93189 90872
14 30991 32112
15 27272 76095
16 41574 96279
17 19383 243
18 64177 43024
19 31348 75732
20 37416 81745
21 1846 151
22 51506 47283
23 15678 9768
24 25424 72820
25 22903 45397
26 72598 59241
27 51279 54803
28 89611 82037
29 51231 91477
30 64577 45138
31 82664 48320
32 22316 99960
33 59292 79058
34 77926 31228
35 89028 68640
36 35006 22240
37 10527 4960
38 48346 67963
39 85415 9653
40 39883 38068
41 40009 12144
42 38878 10508
43 82577 97162
44 86131 45280
45 60977 92708
46 24722 79695
47 22070 69993
48 38776 51985
49 62393 60334
50 38736 53517
51 97503 16754
52 4977 99843
53 82482 53333
54 77637 29892
55 39622 32071
56 6295 59816
57 28120 80466
58 90778 48280
59 16945 1865
60 26821 50062
61 11170 55441
62 89651 24767
63 10146 21565
64 15647 53024
65 62429 7485
66 42893 62749
67 64763 39392
68 45302 15139
69 43137 18506
70 17088 97366
71 44174 69317
72 56288 3449
73 45164 68619
74 76332 49239
75 27008 83584
76 73888 83495
77 74479 11243
78 66175 93683
79 18965 31037
80 22857 91757
81 50288 50115
82 83941 10016
83 76063 91753
84 27226 80264
85 52933 8202
86 38326 6017
87 34825 60614
88 49950 59464
89 62215 3146
90 70779 86251
91 66639 25911
92 87122 218
93 25773 73128
94 2726 33267
95 94497 85453
96 57053 45160
97 41633 70092
98 63060 1870
99 96110 96293
100 6828 59865
101 902 56654
102 61103 32001
103 42943 43280
104 27350 32305
105 40264 60628
106 85239 26087
107 23075 2728
108 92326 12541
109 93495 17889
110 5330 67487
111 68840 72603
112 81448 74405
113 91607 30052
114 61986 56129
115 31825 89206
116 57542 69846
117 65122 80173
118 74980 65050
119 50993 60820
120 86724 84246
121 75599 88632
122 19663 89037
123 81703 82599
124 29206 48766
125 95935 5338
126 53999 45069
127 53373 18021
128 82812 97484
129 98101 92345
130 78201 81901
131 65596 6481
132 10011 11967
133 16201 16850
134 9405 16316
135 48656 13802
136 22347 66248
137 15895 65740
138 71094 67290
139 3365 4040
140 25016 49280
141 75308 46981
142 38557 36041
143 38801 5432
144 94170 37353
145 89291 22528
146 50944 97430
147 85311 21037
148 47785 27685
149 15997 40517
150 51557 34721
151 97329 9247
152 27909 74289
153 19891 12854
154 47904 92735
155 66482 12583
156 18033 80620
157 25551 42799
158 13668 22133
159 96458 45002
160 71865 67444
161 80384 72027
162 68537 81530
163 64261 63767
164 56259 87813
165 12576 20296
166 90129 86754
167 45194 58919
168 41853 2487
169 76410 98705
170 77880 37166
171 50863 99585
172 10935 93347
173 15074 27111
174 50825 76783
175 45917 45243
176 84982 43543
177 72699 90077
178 15890 59097
179 50632 32108
180 66637 94117
181 77310 32318
182 64284 90203
183 3104 963
184 6925 66944
185 27937 12990
186 27903 22263
187 40040 98298
188 80062 21022
189 75847 33537
190 10669 97336
191 50549 11852
192 74309 3775
193 72826 66024
194 57081 95919
195 82816 81165
196 18591 15779
197 59530 78603
198 79822 65637
199 70786 72131
200 29438 2979