125
1 84820 77731
2 54969 42298
3 61050 64618
4 26944 99478
5 60230 23311
6 52005 59412
7 12900 27456
8 57089 20834
9 59663 12992
10 71257 79574
11 42413 60010
12 9085 95393
13 51954 78672
14 61890 34518
15 65299 65
16 14561 99856
17 94925 72280
18 33210 41513
19 68323 48311
20 84804 25481
21 25099 15859
22 94655 8674
23 3437 56903
24 57182 54580
25 81584 78803
26 74886 13982
27 55600 8093
28 10904 15198
29 30750 94721
30 89018 76604
31 56082 55292
32 40624 57246
33 41037 56899
34 53304 34165
35 83627 24627
36 43213 51564
37 27537 82263
38 63290 37682
39 95247 5466
40 23477 49175
41 8040 8790
42 24184 20643
43 26583 56435
44 2392 52113
45 77526 94070
46 65734 80816
47 3566 70783
48 4568 48639
49 44189 31673
50 47777 35501
51 32705 28560
52 33006 18920
53 36506 52366
54 75306 1798
55 1398 13600
56 30621 92420
57 75845 61470
58 4629 49975
59 23356 6242
60 96218 88468
61 73899 36645
62 34458 43952
63 64474 9594
64 45280 6100
65 73928 89778
66 55580 53056
67 27042 31878
68 68289 51334
69 33290 71335
70 28415 89100
71 22976 63059
72 80950 59993
73 77254 22871
74 47505 39924
75 70472 36146
76 96763 53346
77 14433 21785
78 43498 17145
79 13081 35502
80 52069 49196
81 4574 75273
82 17322 18295
83 79168 16617
84 38154 6750
85 24468 51629
86 62678 88670
87 43082 28197
88 16040 76296
89 59479 71568
90 47675 61754
91 53098 43815
92 65753 18069
93 35263 16865
94 56475 1114
95 19675 71324
96 92652 75566
97 91447 58498
98 28875 2105
99 80420 59023
100 57744 5956
101 41333 76725
102 32585 71464
103 5565 18241
104 44726 60657
105 69076 90093
106 58403 24061
107 41994 34582
108 81503 65908
109 2483 70768
110 66340 31532
111 7165 2733
112 5409 51116
113 29669 6501
114 32104 42741
115 64894 19550
116 71127 34518
117 14698 5296
118 70116 75153
119 403 89017
120 89135 12853
121 48995 2751
122 55397 32586
123 73099 73135
124 99251 99466
125 60898 88827