80
1 19358 77392
2 31742 37561
3 25059 85555
4 99296 28382
5 19007 39837
6 31124 54584
7 73725 27800
8 16087 69063
9 4411 90837
10 43414 21378
11 52219 3278
12 92120 95120
13 39587 83888
14 56415 27560
15 44630 57851
16 55092 5295
17 93818 76199
18 51926 2947
19 27575 37129
20 58222 79787
21 37838 26362
22 8682 91392
23 2188 95854
24 51200 2681
25 5940 21996
26 8530 47996
27 87675 6630
28 61862 26952
29 11605 17115
30 80184 27017
31 19973 66114
32 25224 5033
33 62200 88168
34 11196 90267
35 24729 76685
36 70024 17144
37 83611 34066
38 33928 74330
39 47240 16332
40 98554 79580
41 12976 51831
42 27178 1469
43 75278 24767
44 13349 36490
45 12860 68811
46 30580 29497
47 68661 71595
48 39226 28971
49 14344 68892
50 56957 39697
51 91860 12278
52 50099 70074
53 26181 4527
54 48149 91723
55 2470 84103
56 30070 73034
57 72239 66088
58 32234 91332
59 9074 1185
60 71996 82890
61 53300 82135
62 16689 33594
63 54515 71658
64 508 80955
65 99738 33726
66 19155 21739
67 60302 2664
68 12947 11584
69 84002 48901
70 73114 32738
71 84878 25068
72 33104 58120
73 88746 27180
74 33639 38093
75 83519 33205
76 9984 54606
77 92179 21148
78 41492 49295
79 67137 54393
80 34567 34850